1.85150907821317
1.68031748021393
1.73344711409672
1.37073093519239
1.23101140546966
1.24183499959327
2.88835247785156
1.23404632702211
1.29850860459062
1.40994601810598
2.08781546506532
0.952789461847112
1.58588045337288
0.98113571514924
1
1
0.928341600194059
1.37797932408626
1.18801974863968
0.726065466065691
1.25472608476656
1.53620408340504
0.813359961475816
0.785852843139148
0.76957206978907
0.874875851358293
0.803932026989431
1.06763707097303
0.85349545634535
0.909669861327873
0.95736079530874
0.68211075428178
0.955929516889054
1.0097724561908
0.828597622455116
1.06767294508471
0.83532435495152
1
1.70782581988458
0.696290367191539
1
0.735432949972739
0.700910782068214
0.776276190442784
0.762385284609262
1.54520103025944
1
0.896077912947313
0.866300136281132
0.949853066452139
1.39115532713861
0.871815802527609
0.931385726150435
0.876158569319575
0.855125065436887
1
1.00487415764649
0.678885427674055
0.781666610043913
1.2988608947327
0.834197893824096
0.889307887969625
0.845091949566718
0.796172365570338
1.02269907927732
0.994113993670913
0.782840303097844
1.08225407898133
0.939554484348006
1.3897590356083
0.774180449494907
1.04741052296388
0.892231885197379
0.846748535120481
1.07919964819582
1.48513612864634
0.933317942514374
0.866766132028398
1.05688456218594
0.702767587413533
1.10052730289145
1.18793678148525
0.936210088915155
0.893819310698586
1
1
0.876752669433014
0.801140502147801
0.730971418691661
1.3915969597304
1.70756141600114
0.709000422275968
1.01692899939393
0.61473311834196
0.890280695577252
1.16737007189255
1.24226047004451
1.22300040303328
0.802543985549777
0.957734658545336
0.819247919030341
1.91220629264608
0.844883517430602
1.31749759912604
0.607711139382417
0.761344854290381
0.829504132915177
1.01719805872907
1.14608426678851
0.782423439797538
0.990715509869481
0.883527080772379
1.00929643311301
1
0.78649560938221
0.982691792133437
1.0252753725092
0.830409530241831
2.19513913705633
1.14704214895757
0.732870458111761
1.29715723049695
0.955279580482422
0.695876350260567
0.792420443894245
0.555757775626407
0.58390545065288
0.986276250753535
1.14800517729466
0.798140261025828
1.20607675947742
1.23513954502556
0.576229460727005
0.679085776876894
0.853088223618198
0.75881669671667
0.820540423671527
0.861397274436439
1.36215437182774
0.845211239169545
1.06601119458435
1
0.920729113577411
1.19604959750156
1.47059587455516
0.889750676668806
1.10299061762583
0.598264908232411
0.914510971505818
0.976519088536181
0.961879944634736
0.802618387551687
0.819149410074359
0.444014993624485
1
0.85418370666549
0.823569131543316
0.870203892431948
1.15306459958355
